x1,x2,x3,x4,x5,x6,x7,x8,x9,x10,y
-47.214140231659286,3.5377518524827947,2.008161029990317,48.232455541706564,-165.47852879392485,11.76354546013986,0.16835570039710182,6.0,1.9138978924758776,2.0,289.4608330812327
-341.48858895158025,3.1788013276405804,1.1957371621452566,51.10962122356838,-296.04951090452676,42.96964362981744,0.26090717493708776,4.0,1.9640736266105918,5.0,-365.96065657083494
-126.8995560956062,1.4824802605481602,0.6349229157707527,46.60524602524734,57.08723764930599,49.19955658570058,0.4967409649587458,3.0,5.508910045177337,2.0,-164.36673085252798
-130.1385770423134,2.395478354965662,0.09635136277002808,52.641357611166875,69.11112836519888,14.418809928947312,0.21740466998296268,7.0,3.4910138223973437,3.0,-126.75754392723971
-149.8446721586041,5.5539248130243815,0.9888554454064254,45.77717043882591,-81.47764840107516,21.55085057709354,0.34677607468694693,4.0,2.1223252487281337,2.0,-77.59000766540261
-11.320150400617862,0.7486247551492942,2.1105121795113497,48.70401758925379,-178.91677132567435,-48.10676566878796,0.3590510349692297,8.0,1.866979221682719,3.0,424.7435304007426
-51.71085888242678,9.335413226722045,0.6295797759245639,50.64505923730808,-204.25813729946415,-43.6054959841134,0.48458617364345674,6.0,7.119656889881742,4.0,379.5337458809769
-253.89256565120516,1.5875342113309832,1.4866974535935262,53.24442840812967,-149.80867525568112,-20.673934608387523,0.3944761032130702,8.0,2.5871751092677817,5.0,-220.43582122019637
-87.00805439590192,1.97888792829087,1.4223974949725602,49.54876118139749,-63.36718870162634,-0.880064269143034,0.1732200603430958,6.0,1.6509294261969147,1.0,88.97806382629065
-51.44824487895473,6.39384094156311,0.13430663223403763,56.04190632139524,120.31938799983354,14.575587182665117,0.37698541712618755,3.0,8.520321134207778,5.0,62.27798392232969
-203.20173277425403,2.724900484802423,0.7410879519357997,45.51631204405841,19.60149713119945,5.46677068968323,0.21700295785272353,3.0,2.993396248380202,2.0,-319.3139155941804
-8.865054518824167,7.154127833562899,0.16463723260590118,45.56327010501893,-38.046219289583625,35.06374996968927,0.4182865764833869,8.0,3.024618835557968,1.0,266.39341548330975
-169.33422457573602,9.988571974559187,0.5326292289368553,54.02943133002877,-244.751446559379,-20.49726592040242,0.2828503696176417,10.0,2.594128609505319,2.0,115.82557848645793
-111.1162834624212,6.579394433000855,1.4725903869845196,53.85020704736385,1.4978006603065523,-27.372342471650967,0.27530413534026243,3.0,4.631255473059352,4.0,15.87857724809987
-99.15202701751618,4.612167856413361,0.47765876306294414,52.29479384630163,-222.42511101034677,-49.587235588574266,0.2833474611601762,8.0,4.434796621769946,4.0,267.5372850294462
-75.92655861823219,1.8156435849509878,0.34435754902129245,41.51310165639913,-163.88406181282485,-36.9585865335858,0.3392521218297703,4.0,5.449211569743991,2.0,189.59114275735456
-134.9629661746272,8.879811880788859,0.029267323779996163,44.60081905490115,-184.60965982294175,42.16944162604371,0.4818890525176645,5.0,5.55464873168511,2.0,64.26995919019744
-30.446897847266627,1.0280308949607764,1.298446059283606,44.99848026298214,-131.77567350367633,-25.382791028404405,0.4263322356492091,5.0,4.629172560057313,1.0,288.118928330524
-58.725939652283934,8.42550537922071,1.1865440235205826,38.09100055198553,-240.1945040565913,-33.206377570490055,0.2237200292503155,4.0,3.433099380452584,5.0,322.5513630606611
-122.63424674428441,8.05072012090399,2.9780874595949696,46.24808804539458,-198.9450328932238,44.03409201138619,0.6062060440105944,2.0,3.8849313812966164,4.0,111.84915464172138
9.677467150870228,2.761669106457024,0.45137232651634634,48.428498799616506,10.12484443500368,-30.690968138757,0.06286904056950204,5.0,1.7020215524664226,3.0,284.9942618700438
-89.89382163687237,7.504110634229738,0.4384079466397519,51.06181901800695,-173.53598561180607,-9.894513785384426,0.20829788029887408,4.0,1.7107722619235342,4.0,211.9099275500212
-124.50559628890544,7.796427401821099,0.6724663127326552,49.25038245181424,-45.35375328455472,24.770737088960374,0.6018446026278144,10.0,7.691823930626733,0.0,6.894164808707629
-132.8932905331204,2.70036736343207,0.19512820768696457,43.86915175740554,-1.0488989256291887,37.03357074808797,0.14295625990894725,6.0,6.148222864849591,2.0,-118.91599034078828
-73.14602856985603,4.575563177477847,0.24202461723462215,49.513658714099876,-158.7981882627465,10.257279380937923,0.07056174178685905,6.0,4.377821211363997,0.0,213.4021125568771
-155.3786645167184,0.8150274381648792,2.965398033295525,54.750687361217345,-163.92879686156886,41.08338283114833,0.3358886936595229,2.0,6.1030784160307086,3.0,4.454491882386119
-97.02396572548638,9.561371568824722,0.05508197528427863,49.201020553943785,92.1351732100394,-47.84724669795482,0.2642354578903142,7.0,3.0881373843829945,2.0,-29.72782216966408
-118.85801696537827,2.2230619261999562,0.5978753518109304,57.86055989827169,-130.47192737564436,-34.22583827335157,0.09240225805860726,4.0,2.876126393445864,4.0,118.91459023770771
-93.22774971952919,1.4095192407516899,1.1379222277781955,37.48411165764443,-41.367883755018866,11.476268893543903,0.22279887529500528,6.0,4.111914721248178,4.0,8.597265855344759
-76.79823683714721,4.502683950361327,0.43664604462495943,57.44600772465394,-70.1618371283123,-27.852209233830372,0.25486754631040254,2.0,4.040153325314872,4.0,172.61289892602034
-14.618822612861422,4.6863960532963675,0.6497647433683951,54.82015995367787,-207.3093790275669,2.3391482653672995,0.1732616187556673,4.0,2.038845752921085,3.0,438.93402290561323
-275.1710253774462,2.100707361442117,0.012729430339061614,47.7434632524846,-175.44412407131472,-10.120773732172793,0.1435996042277023,5.0,1.4307264172979353,1.0,-316.04133536281677
37.280604830231084,9.973677012093635,0.2499142118980449,42.007748127052594,-103.86794344974119,4.928371288888712,0.23846845300656735,6.0,0.5397287242735567,2.0,445.0611415553249
95.64309854914083,7.980286338288204,3.0827860541622423,54.80921141395051,-5.575650947467167,43.159363315804455,0.2014008398437788,3.0,8.48689633622812,2.0,549.7222823851467
-95.77646408637082,1.9294006857117585,1.6496127821146487,63.54533699644737,80.11544325648094,-39.26552025135764,0.3036650437754904,4.0,1.1147679644981858,2.0,5.532956382267772
-179.22288707551235,2.9958257594301596,0.8274341346674803,53.885939864438065,-105.87373489051258,-5.275067509336672,0.21487676956523155,4.0,0.887088719815158,4.0,-89.68520617816172
8.685744216563933,8.626594266013,0.5574534237644798,50.26252814168293,-50.08534535202859,26.102291584049667,0.33558706928382376,7.0,4.311763745521949,2.0,353.20687943784543
42.681326464242886,1.3312383471800682,0.1343025520655128,54.27481981401969,-214.0219609603792,-45.30499019819996,0.12326178457391117,5.0,3.0554064936469154,0.0,595.4875920541499
-128.32743614421466,2.8920229519678964,0.248130960083312,46.227598038502244,-114.91776205216887,28.16626753299778,0.1769509916647408,4.0,0.6824786058813996,2.0,-4.94760739032028
-51.80840634899563,5.415707612947093,1.0545861136327226,46.176752681168466,-202.25771718423616,36.25120663365064,0.21801860981268958,6.0,4.161168384343074,1.0,294.92329330018384
-166.33758008537296,4.540571802030268,0.35829060996243445,46.22998549381981,-235.45001000907368,-39.504660180775005,0.762764955162846,10.0,6.176322599220141,5.0,89.33660861395389
-68.78960059726352,5.491058192386424,1.628069537075702,59.68510988114388,-138.37578079710346,17.019913326049874,0.1387381744389371,5.0,4.608626145524308,1.0,255.2988961135371
-72.99585141037014,0.17163907167672465,0.44196826016872415,40.80621290645237,-71.62596122700772,35.708398690785685,0.5070073259282813,5.0,5.455935187102735,4.0,86.50765820863363
-12.69714243067996,9.093457324596674,1.2516956801980372,49.547681474402864,126.68076653897313,-11.945116969700507,0.06181758994775143,8.0,6.778557148642834,3.0,163.7513590968762
-66.8047741422174,7.241686562293599,1.6580968101544973,57.12653909736063,-225.17477794807587,2.7078570070967345,0.6816218645818551,5.0,3.4153446583736846,4.0,354.22308111285014
-99.23103748386225,9.047401050174505,0.38262469713072156,52.301461994072014,-156.9324254275103,-47.466671391312,0.05534660380765837,5.0,6.189917910049315,1.0,199.2887348430025
-232.30067166771764,9.283881235469272,0.6930893009711117,51.354029626609,-29.906301672718556,27.94382859598592,0.2057037140622339,5.0,10.467590793869283,5.0,-276.01409391453024
-198.03855232431744,6.482782310562481,0.7780510523619485,48.731743798453756,-186.7525492139137,-20.952860101669803,0.11836689072921726,5.0,1.7317489542351836,5.0,-58.53877388016532
-118.26343015481561,5.216426939598171,2.227619266214688,46.58133651106483,2.41242926197269,47.63244495591792,0.5157039573274367,3.0,5.473927649104328,3.0,-69.64926893091416
-56.86218737325097,4.080777327761421,0.9168750354605131,46.48237834193262,-226.15521852514445,30.781036865925955,0.13429393659275238,6.0,3.63258755416065,4.0,311.3287591385152
104.01553185337349,0.7365822126056287,0.2761613233241204,48.38533983849957,-122.91398015784175,35.220271507004625,0.23756292445893895,6.0,0.844910565090568,3.0,624.8331594783399
138.552106109783,3.771584122032613,1.2361295759946116,49.713568750393016,-117.55661865381072,-23.181418581520685,0.40383403791358036,2.0,6.634717527294035,2.0,742.3355396568973
-60.17956684306933,7.702276067833203,0.023633560403568833,58.054512024145694,2.9098441677123787,-21.10641477774554,0.16749092900829152,4.0,3.2451499360234175,4.0,166.3393299777263
-132.9518547553667,3.135449972212434,0.18649825411777762,43.562815112725886,-52.41490716302133,37.90760208049967,0.056356323562156405,4.0,1.4591414772088065,2.0,-89.41263105501707
-105.52733577733068,6.472258430536172,0.5962442590507676,53.21599489646219,-172.26132741129788,13.09491694426741,0.2822267432065404,10.0,8.085177820078025,4.0,205.79163745362172
-145.3430324136108,1.0099682684909173,1.9695734710030242,45.39659896951781,-156.35975009102393,-15.79251952046917,0.1685438092107258,2.0,3.5480045450499476,3.0,-1.1459992524283158
-7.797546511149122,5.170215060159596,0.4667364028899115,43.0036923884864,-70.61029874858522,-27.437292926808055,0.5656768903593702,7.0,1.7869270298684325,1.0,302.40498375952586
-284.4615175154514,2.3931365162117624,0.24504834874926565,46.936453797430815,-42.94714612518678,18.872158282254702,0.20620915755445796,3.0,2.403284292814738,3.0,-474.97455339411846
-27.071357917381874,1.7088995362786408,3.2225641589516743,48.86932591702884,21.27203037758582,-7.4076479056875755,0.4105519065659442,2.0,1.0403429409911074,3.0,162.517973551079
-96.71063432769145,5.989032920801744,0.8670191242250677,48.47340319085804,-11.373670239509522,47.70008886291599,0.1873806536925195,8.0,5.415409541117647,3.0,28.302596340373874
-170.5993106456886,5.588739909931052,0.7363569524074716,48.553742065059474,53.03641871391966,31.175133654792774,0.23561704344438877,4.0,3.3352828295852306,5.0,-234.38495869735476
-109.9892651149326,6.1826125258920115,0.09229323824048383,52.6281449854888,-135.7800155571882,-3.6410045511595968,0.21062502365670102,8.0,2.843657026099908,4.0,144.7642476327641
-105.919881635125,5.89277144233219,0.2155757026850678,45.83553202709497,-180.86464281778558,-47.66054821653416,0.21010045637333594,5.0,4.939601418985913,4.0,172.80453287048908
-103.85871861997961,5.1867267645421045,1.0629430789071073,49.633705417803576,-151.12943755103637,13.904456097773668,0.233302185623416,2.0,2.8125839796560315,4.0,127.4020587065995
-246.96892409457072,9.923201004978587,0.661209889739645,50.053525354204766,-159.77051031573285,-23.01929116584196,0.08228448303964368,7.0,3.2633375228817463,5.0,-182.15387446360396
-222.86148000670434,2.3986202081831323,0.3057222821002356,52.98084199320627,-5.407028787481508,-36.89667935130018,0.32548509848536694,9.0,0.5710409384344689,2.0,-277.43651385432423
-117.07453283599392,9.478747841389168,1.87286036826285,48.4410855237745,-308.5611401914249,17.88856854868142,0.6586140246399235,4.0,0.8654656315600977,6.0,262.37288362996077
-51.43800131853954,6.983023394017266,0.3063362408426048,56.971826337267736,-86.58930217680108,-1.918266640382548,0.3015277548295387,2.0,4.168956832172049,3.0,244.75980232963562
-98.1885972940762,5.180176348993926,1.66946749880015,51.147686084188024,-187.26666834684863,-7.698405626388627,0.11338930856938519,3.0,7.692215528309422,2.0,195.02404632070787
-71.12057751670076,0.3823768141333739,1.3282938488292328,47.853206849878944,6.707708575630008,35.341420563817465,0.21287801012401752,5.0,8.248019879880575,4.0,57.997489206715365
32.70208266664295,3.3014831828276323,1.1811007551166355,51.39951585041009,94.8746200826019,8.354315154703428,0.37873788154599847,9.0,3.7344780241748596,4.0,295.2128651312984
-63.05628419506441,1.510197539995768,0.8604355223698141,51.85067905091368,-161.49272593987035,-37.687045322916944,0.10950978678278724,7.0,2.6754645478406482,3.0,278.2903429541907
-118.1396193899497,9.052315812970653,1.1251699698043829,55.96123835225956,-4.371666522729427,30.252718513918182,0.27169633477731203,5.0,6.436985072349565,4.0,7.014301670461506
74.51595076630133,0.48424003347361966,0.06594450667154884,47.34151525054757,-181.37416508774726,-9.275761110973555,0.45721687436058256,6.0,3.712136598441142,1.0,611.3756666702279
-189.15935653119598,0.5939133776897465,0.6469471213109356,53.69198349306886,37.88829117239655,-5.714642802990767,0.5585000679597667,5.0,2.095698827911451,1.0,-260.62057358317844
-100.81523822679145,7.922381137026987,1.504923058571462,50.901285123814375,73.60205020412482,11.361193895375102,0.5481223520529943,3.0,4.104689305446612,4.0,-47.42317561695107
-133.6849827416429,6.844148552628435,0.15509732155779218,51.73325950761578,-7.710878358726262,-22.92657285367703,0.6088009655929484,6.0,5.639643039855271,2.0,-40.01880309840316
4.333159454797311,1.038526731069801,2.0199388911524023,37.43858848255289,-121.74646524558369,22.580303046188604,0.38730096539229747,5.0,2.4025586199956486,4.0,328.06233095702487
-51.44035015164021,3.2093188769771364,1.5894958984937615,58.54564145840927,-42.34073048466125,18.60132418231592,0.1403881033229362,7.0,1.405563540454539,2.0,206.30966575161452
-297.37819033987614,1.8765270185089544,0.3018459289749067,51.1334932522809,-30.890870476286977,-48.32111758923847,0.1495970074422018,10.0,1.6882694464364454,6.0,-432.7545582714298
-334.4743667886309,0.4093457324033334,4.766314728607032,53.488776751938666,-239.00587938789351,-15.0998531884009,0.2658679829913931,3.0,0.6779064460034209,5.0,-373.8174214550073
-71.2987035928769,3.90254183510766,2.9047935787510673,47.67195827857329,-205.57863702112348,-26.20349267216786,0.29193219347570365,2.0,1.8906641536495887,3.0,263.6954844868951
-44.44234225868696,5.388167335016534,0.9958903535292342,49.6314580455401,-332.0570308682232,-19.3130308968944,0.3423385759433307,4.0,3.87435645402594,4.0,473.8229395198218
-36.28549039835056,7.86376801963526,0.49747273149262267,49.18079669996577,-278.1168812496178,-40.59014696287183,0.4044217433053108,6.0,8.846396957924172,4.0,477.08487595460366
-2.23979976811016,0.8805808378506819,0.16152392389388684,55.47125424929662,-167.23195175501618,23.350925812838156,0.6093095180326845,5.0,5.169779164423009,3.0,429.2211018758679
-180.3962808802846,8.376600567162066,2.138689913326024,46.91588277803485,42.83452155017494,-7.176723501363327,0.28365478320422793,6.0,9.30827690298927,1.0,-223.2947202979559
-72.46806837194609,5.8920697807755005,0.6512618544935331,50.46413740697549,-239.2355178475468,-15.195598577545297,0.20425782687726,4.0,7.429385683484462,4.0,325.1111889634559
-11.543530117042806,7.7292781110302,1.3721397657748688,40.67927990365446,-28.559161355457846,-23.271424898103177,0.2465584788259458,2.0,2.7410953784169525,4.0,240.14905638552554
-83.22135085284057,2.775543139486212,0.06733197327825068,50.27709491570745,-155.79122824230447,-35.982159506896124,0.2119914724828831,6.0,4.859494435057999,4.0,218.2235370727283
-184.85612431650077,8.389475973690004,0.09224043469235269,51.79953249736413,-22.568691261547244,8.514430192104584,0.3873117528258052,5.0,5.807160065157221,3.0,-169.6211264181427
83.13349522756334,3.572569368835452,0.4259616812474219,51.077431163651305,-118.15622430521867,47.79948637299937,0.27192000111800985,3.0,3.8013231377807752,2.0,570.394474281962
-136.5439531631579,5.73457984296212,0.10891675955735992,49.30421863342828,-281.4518276552958,41.4734882348647,0.18582415546393719,5.0,1.209073721090206,4.0,158.79644768535954
-239.67572448402922,5.324294256849419,0.7799426169298956,53.3834941528343,35.639453699022255,-41.196875965623725,0.11020194396734581,4.0,9.721685202005707,3.0,-347.34172925659203
-99.61615432166191,0.32151764712562536,0.14255475854893615,58.85984232791607,-19.830544713417837,7.409954017146113,0.15410181368193096,5.0,9.379439003420293,1.0,52.33560030407797
35.34008993011096,7.261673494788086,2.0408245326931196,58.17950330163464,5.07385842015384,-28.916053320039914,0.2744458123121136,6.0,1.0353791742742853,3.0,423.9370899777428
-32.942366737815306,2.4313619203315575,1.8358969126647682,54.803416767767935,38.6532513258598,20.224763222600032,0.20688521787107567,3.0,6.729575298693765,1.0,151.47707442243157
-177.33574336058481,5.022067207795839,1.457536073690305,43.4905994420476,-155.99227308644288,-6.776399066171557,0.3946980265778281,6.0,2.998864913431668,5.0,-57.62619105877636
-225.76824486360164,0.00617789694989046,1.0991367928834879,53.40671229418203,-206.46950664388692,-34.7930547446757,0.3830629065212674,7.0,2.013633922210529,7.0,-91.36495502683304
-25.487097927017672,9.714198063302945,1.9124199563772335,47.15280152753268,-52.886356184405784,15.352944558187914,0.5027379489750058,8.0,1.210287452535633,2.0,268.0429180274737
-200.51035764806716,5.0995767415250075,0.1554333026997358,55.568300132339814,138.0233281299072,32.44325734953908,0.22386589535698023,3.0,4.759712601152128,5.0,-368.06987429971673
-37.73051641560111,2.310794137147969,1.1168756618659663,47.43919243434571,-226.50448199356205,-46.68155890631023,0.3929524419226358,3.0,2.4781032808304966,4.0,378.9542114824938
-233.54886923903953,5.842696862623594,0.537212962405934,51.17947283398158,-118.62447745029215,17.534726694709263,0.20474574556035988,4.0,3.8770455694266754,1.0,-237.86918111547777
-237.27482544804167,5.63205469444787,0.4923426332690549,54.96989416856438,-104.64230235622719,-25.29766475117825,0.05632437846889839,0.0,2.7097193863813724,2.0,-245.97114709242413
-96.43456777865092,5.399698766187128,0.29710818495132807,50.526937512300904,-79.76862442699361,45.55993146171471,0.0849566069882382,2.0,2.8373266675885467,2.0,60.88721910947339
-270.58708342516593,0.5779572810605005,0.3371375958551396,51.61640265017893,-88.57660847243115,-32.26078825606904,0.33022904474361103,3.0,2.380701687986416,5.0,-352.6119029491266
-153.9166595433794,0.21377166346706167,1.825868234879572,50.29325347656177,-117.45275191115395,-14.035534873888636,0.5476844230517565,4.0,4.877594766057266,2.0,-30.816430694924772
-101.63801323748525,0.6586986191873201,0.6834192075758476,40.98875362678866,-74.73275512705094,-33.64957400269274,0.24153326668409164,9.0,4.55099437897282,1.0,49.57564963292513
-245.70731175889614,3.208235963527748,0.20083044940239864,49.81808510938261,-13.67238447642633,-12.669482887509496,0.2915411304071435,4.0,1.1832846878353245,4.0,-364.923339828055
-15.265445806706225,7.741294791757629,0.7891394136899792,52.50563243011904,13.012694085051876,-9.978197640399635,0.09986877436148121,5.0,8.244975707223768,5.0,266.1521391466862
-250.95342410308086,6.1829197531167255,1.8329664094103182,48.22070689053346,-273.8663121827867,25.40568559603757,0.15120160028544902,5.0,6.236840083389113,2.0,-144.02926444352187
-341.36866059304805,5.554518202571709,1.6202404094252159,45.38910197760586,-299.63860636476164,48.14168740720365,0.39552798861842475,3.0,3.6389831976686655,4.0,-383.17010738917776
-198.3753780866347,3.1339111760645966,0.022249217842566112,52.02801375890553,-178.61077913065625,-13.117854468278892,0.23925749577231945,4.0,0.944433113422441,3.0,-86.17725058835565
-48.37470623484427,9.740827616697638,0.9942302904056879,56.002148901086166,-68.74328753772338,-42.60415778554278,0.12017314074254619,3.0,4.397970205130945,0.0,254.01037399994908
-92.41479236418391,5.119150300021462,0.004368238975516598,52.579774971965875,-162.73225348966412,-34.267083124776086,0.29057869326710034,3.0,2.7630432888045027,4.0,200.90531391202313
-51.36858382618797,9.910391930518047,2.0401665845046524,48.04197564777714,-23.586258241117832,-28.92592800110858,0.0766032592994154,5.0,1.8746552093390956,5.0,192.0580866907178
-229.43966333280227,9.092582943701228,0.01408534023626357,54.87984763843849,124.52248066067568,34.429027416526864,0.7200693755760383,7.0,7.182142142531,5.0,-393.80072280399133
-26.375550994257125,3.8160425850217705,0.2878419458312337,53.6021275744263,-152.9196303510351,16.21584883658575,0.09433971726224528,4.0,3.674917767007886,4.0,350.488942589576
-206.2286265189284,2.7606750791535237,0.029156858846819917,49.16403710787776,-19.93922109867961,-20.613214252133616,0.6427117821222784,4.0,3.2221227422725778,3.0,-255.0642365021631
-28.960641913644395,8.040756488808219,1.2537685327710015,41.23677961769039,-102.00976039242238,15.18473034602846,0.5859147880456048,3.0,2.9633905349237293,2.0,252.14322940092273
-155.72175027227385,9.946216243052275,2.175567009301614,48.047735189135274,-171.3765781400037,-24.17371003911534,0.2600361191183018,4.0,1.5838523224518593,3.0,39.871132399427225
-126.55682477660551,3.089507228313785,0.2980935388051272,52.63708687841512,53.420035565600756,9.175254857669543,0.3039948357042214,6.0,3.908111658041395,1.0,-108.25785021254657
-98.62248595270333,7.814332729410239,0.3794338394973932,47.76565575457067,-56.94738134779577,-23.779770838306437,0.2585128412068893,5.0,1.638696024993381,3.0,76.66969346698694
-199.81679608204774,9.832332789676768,0.46188267531628824,57.363755553218915,-17.80906488804642,38.13473427270998,0.20821207963441918,2.0,2.2989013658334896,3.0,-215.90292564684685
-170.34218981273716,4.867261195664168,1.3818040486409222,52.217594336501776,-78.50691082922496,-37.68366072980197,0.22980239141324998,2.0,9.708709285650109,2.0,-79.11741565404726
-26.298136133516948,1.6474387910039612,0.8200081408150411,49.09532794212097,-83.87723088104751,37.30755181253011,0.5983199764629282,5.0,3.5869909282187202,3.0,253.77709050435098
-1.821639069199449,8.058333945629542,1.625715898606142,48.04400500554384,-22.89791388568362,22.824106346276082,0.5098334221136358,5.0,1.5665278356830155,4.0,290.31102061711687
-141.88157580644787,6.481957229926198,2.6802341302082167,49.01186471453088,19.055798718215982,27.631981710535953,0.5224947164148518,4.0,2.5537800054451405,2.0,-127.88303057326003
-113.00229678424142,4.6501478555050335,0.35983127628337674,56.629331535025514,-124.82703284366033,-10.305845156466567,0.6232742851914603,4.0,3.6266557094535297,4.0,125.66520695904319
21.426854992917626,1.2123123708549488,3.32196995013896,42.40490893988448,-39.567679590272164,20.841161683490455,0.2486242688567427,5.0,0.3307024019653093,3.0,316.599986182215
-178.21318873098804,9.295001187311033,1.798617363750298,53.008236910572904,91.09100643224093,-14.288691735158501,0.2728915300874407,2.0,2.217349422496211,4.0,-252.69819677544382
-106.42657877148436,5.981129272944004,0.8050907806912898,49.31104501643239,-92.22732610295573,-13.862597563470025,0.1709390250690096,4.0,1.1314461608339519,5.0,86.80019753698826
-1.1117054112945652,7.690331274487587,0.2959795882920907,53.55890701717278,-124.2966500561702,-37.4432379513908,0.04357365919121647,2.0,3.80609145227468,5.0,421.6932454565869
-129.26152026554655,9.16597177939272,1.456012589356726,49.653639240813135,-227.1498189684088,-1.4777091121244368,0.2086611346669023,6.0,2.473744915370022,1.0,156.51455199560226
-155.65876225169532,8.707984216527374,3.74140831202179,50.17306977341216,-46.302730371079434,-8.981119009297458,0.38739598486590404,3.0,2.4222864703155658,5.0,-66.68671631560504
-69.327378286777,9.727597364107343,2.7069199135964914,52.99924332411494,-218.54951948124972,41.38669739130388,0.35797602548149715,3.0,5.102712961078092,0.0,296.90980756915076
62.601794319862336,7.2160529870376795,0.08553496900308898,50.344211994069724,-54.09422699220716,12.331895011451167,0.24167326831973115,7.0,1.8085809374918926,3.0,500.2775837835908
103.26996035980923,6.454757364950687,0.30857680110488583,52.483680256818026,-187.91547731762086,-23.48168496419496,0.36158774503601315,4.0,2.597456140710386,1.0,732.0004993000425
-39.13364811832177,3.0849187867145114,4.400065140779326,54.647817086137835,8.866097570747499,37.15784961183503,0.14222180513882796,7.0,6.0068268094851565,1.0,177.22694933117123
-227.72046351105422,4.3429565088591655,2.12482869129834,50.98115444336223,-145.9950252756601,-48.27592152760144,0.36970425477891017,5.0,4.416668621419777,1.0,-167.75001148898087
-51.13215658335701,8.369120299119766,1.672139371019175,45.56604629289945,12.836485434672909,-6.398624540156398,0.295264955432554,2.0,1.492836886148653,3.0,111.48826247339844
41.97403350136685,6.252102652200302,1.0630537322065075,47.21729161381728,-8.297680344178318,-23.554935982285365,0.3104658747361248,6.0,3.8089885919224287,3.0,402.9856137064835
-136.81681177997453,2.335649728023972,1.0713119422829627,50.42715942868572,-199.54127444939718,-25.361427309759975,0.20866604366352134,8.0,4.080242379879302,1.0,110.25453906572878
62.447312408553046,5.483371530814813,0.7949542729995059,51.74569143306565,-19.522937346533723,1.6038520249382486,0.518687197262118,3.0,8.651917187865388,5.0,477.09285265815305
-47.19646597422893,1.7986672662363556,0.9562579211739568,51.85692802863248,-174.57032924775277,18.887756950061473,0.5044494091615516,3.0,3.023907521490855,4.0,298.6291927357059
-99.52308040440522,3.629958037646558,2.777651838889466,52.86012452391279,-24.06324050574902,49.59570292770407,0.22353896011091162,2.0,0.6120899149878192,1.0,2.464246466911095
-57.1832660938934,3.7620326709269913,0.6714137661232144,48.041690699392376,-178.4680833275946,-40.967812865742225,0.48451938760852553,7.0,7.022199223568645,1.0,303.26088418751266
-97.28718397718247,4.367591147496964,2.4759681141316427,45.36910286925336,-151.74145557947122,-38.36523322176983,0.3685420553017956,4.0,1.692716997703607,3.0,151.26903795182895
-10.384533277579706,1.2985277266664397,0.05930020456341923,57.62067743865323,-194.19263868452202,0.5347193712650338,0.21275515366635545,6.0,1.723588101986615,3.0,445.38544436270024
-114.26296269431545,7.5321221917210295,0.05773005690049666,53.69724373952794,-167.2588854776338,11.595507979827701,0.06182438200238783,4.0,4.755377024408832,2.0,142.32591091789533
-257.43149842531824,9.875602866950683,0.703797386733933,49.00218808490818,-120.02734711561168,49.9226026652601,0.13218711796338925,6.0,2.882017891939188,3.0,-293.6546259593851
32.44168554114529,9.660660137509387,2.0664080509908094,53.601632097110034,-151.54907289755195,-38.002568296740115,0.1717813211461828,3.0,3.9963674209322626,3.0,544.1588829093006
-176.26342360550626,6.6321694276818155,0.7511908981921405,47.64278633669632,-146.00069725328262,-1.3934139955122262,0.40050289364902797,11.0,0.44144371794928583,3.0,-34.816798794218414
-61.59690118616358,3.4517249856422216,0.5354681633040207,46.93559890973556,-9.743133412829906,46.234454822615405,0.04566837656578706,8.0,0.4406991134103989,3.0,92.3405398844223
-168.84667881989066,9.282854921401587,4.062147817656317,47.22546418259952,-151.64726564709338,14.503168074978163,0.17405711334956744,3.0,4.883818519746646,4.0,-23.79436248898987
-135.94599812126464,9.163230696193988,1.7850003240774042,53.070552177276944,-249.5741300304259,36.8469163993463,0.31120693872314853,8.0,1.6616541830460694,3.0,175.86575581163544
-301.3381266682726,3.4707607841188723,0.12912799145704731,43.510622545699384,-51.34245731304219,41.151715992679144,0.34706635116121104,8.0,9.56208317332759,5.0,-487.16255429693376
-57.4621570383253,3.1079980891396373,1.4022018836427999,41.043025088930115,-349.4635824335421,-1.7041133771306107,0.34199157352362974,4.0,2.57917517753754,4.0,403.6680699267471
-190.4093748521605,0.25044721294528394,0.0407029916255114,50.445910520107105,-18.28246030430752,-17.608768202376638,0.5390015683722508,4.0,2.5391332301298273,5.0,-214.33179285136444
-131.95591613103915,0.41531398225780447,2.2693003759932027,54.00930098968039,20.68033175343595,4.05133315889524,0.10425229500440762,1.0,2.151452103168433,4.0,-101.78531577292985
-177.72479031882162,6.668422685274262,0.16296452991061647,43.68129642167268,12.072906249610597,-6.7599557677530555,0.44019747167608736,11.0,4.945679184265525,2.0,-196.14041178651462
14.281620453707959,1.6625543962750167,0.29141463449856475,50.267231562227515,-77.0801708128993,42.70120217945403,0.22108193965786602,9.0,3.746130159198975,4.0,377.8696590303015
-58.127771938630275,8.452814322102277,2.252944147897567,45.365984222131836,48.22101968325117,15.895064904102412,0.15952261916416255,5.0,7.592204875786951,4.0,81.41921287826761
-153.55838187405914,6.933504449695347,0.9842879279433973,58.164074319326915,-173.09520918560594,29.4860412927154,0.31450055453887493,3.0,6.13902379613526,3.0,60.31310403769277
21.21147261782545,5.488629379471604,0.24085215603155777,55.12612854918594,66.25572490448138,-17.353995043898415,0.27933801518723844,11.0,5.50738571024905,3.0,331.40022704180706
-167.4439905647207,6.7310526271925974,0.890389922071966,48.28493778798649,-70.85317064721404,-32.866042998371604,0.2692810562352469,6.0,2.249581238131346,5.0,-74.21890514356576
-208.54874528197826,7.139699582054143,0.22618381418967254,50.027027354715116,-111.97976442271388,24.17975877324639,0.3389760701544195,7.0,2.160995799430329,1.0,-171.79055505858835
-163.69771169855773,5.626859599747207,2.468176326680048,49.186568302013846,-121.65847190045751,-34.514036897893504,0.14186091446866486,6.0,2.2777903636719796,4.0,-18.94685110514746
-105.58582453291282,6.3504930013909195,0.17481457491897842,46.33955478509571,-233.39250358945637,-15.715177664825717,0.5589496631270715,4.0,7.13943563460033,2.0,206.73933363873732
63.44772608105606,4.425517531464726,0.3012114398841777,54.336103339791336,-106.01937240820688,-31.51406870603408,0.12555955284877793,8.0,5.10040770803902,6.0,596.0364163921507
-46.0109457867059,3.424728882462975,1.1341173771049924,57.697182628405145,156.49620774760217,-21.879641446480214,0.4027371892594558,5.0,2.1448632633022657,3.0,46.22157560051007
36.74586344928278,2.4971617261317447,1.8918414152235714,51.218431752634594,-10.506525197499343,-32.99053658244337,0.22631045926354912,4.0,2.165886584238047,6.0,399.6605139996074
-130.46424865658597,1.3005160759645984,0.28716373644178045,48.43840220518415,-32.867994880477966,45.143819889369894,0.15145606507026058,3.0,3.059049250961827,2.0,-89.54040525433798
-126.27768640743913,3.8617528324826376,2.376118504888495,48.13975776019348,-260.3916632841059,11.192944041477716,0.06785548774058077,4.0,2.2149073921323343,6.0,175.9983031592436
-152.63675608699887,5.553730542201275,0.38677776279383286,49.951776317930275,-102.2601906255567,-37.16468196914211,0.359777468687606,4.0,11.065839677081264,2.0,-8.605051579864407
-38.20620631257798,5.900684101102263,0.52293436621364,41.52267654484113,3.5663326598702696,-26.158386365561803,0.3527300803173672,4.0,3.6177816122188164,5.0,153.56526014803822
-96.2147580337532,0.8314445380926572,0.7414941026723565,56.863438962724715,-64.92294637506407,34.645191420764476,0.47819313611403386,1.0,5.318685854153992,4.0,72.59058480847315
-302.1994999361402,4.340880712875221,1.2411565209683573,51.77433090633227,105.5822737480328,-38.830117561399135,0.2646708350608065,5.0,0.9248199178712043,5.0,-588.5061013608723
18.767947961063896,9.311237241804776,0.2091478626534398,60.80733154509864,-165.61350572413318,10.944377468515889,0.30724728703780735,7.0,0.5138199118364982,7.0,554.0642802868751
-90.71247035528968,7.772408576049954,1.3003929414080466,43.45637596913859,-167.46374153217056,-34.69003889351319,0.36662123585710915,2.0,14.153463374388034,2.0,192.29758236046658
-144.2099279214425,2.1067686829924304,0.3563853584847745,47.61043092651417,-28.847143004748943,-27.226914012977723,0.3144704885897472,1.0,4.184418981946385,2.0,-106.70196906973949
-1.9958223044322239,5.7876114289834195,0.4554629411770812,44.9739358903067,-190.24774517489664,12.131091283320572,0.3493895950928357,7.0,8.634228849465051,2.0,436.11903872736224
-152.18475632514838,7.037336886169982,0.6917371413107498,58.82106415185892,-29.36854139650356,19.511146651910124,0.2920307322443152,8.0,3.346653475425403,4.0,-42.330862050872184
-30.1179061286781,2.539890321934124,5.48417850334748,58.392421148294545,-43.43792546429937,44.23015664896762,0.12204642965989022,8.0,4.5412949936699825,4.0,279.42869123999657
-61.26482924819268,3.605554864220392,3.406267881063666,54.92850724611937,-119.71696158840503,7.531090993492043,0.2053634502767924,7.0,2.9438792516561736,6.0,265.51182279540797
-202.1939458661284,9.330114670313904,3.3372887202365487,45.30007008982404,-69.42678836729749,-13.32198910968524,0.16413244047670794,6.0,0.8695375024625492,2.0,-187.67360622178742
-262.3642077519942,2.4919356773766124,0.37094955413734004,58.64675651144924,-53.04657923297359,1.4284947307512965,0.44115754576359567,4.0,1.689014597035253,3.0,-343.8829404478033
77.50365660384003,3.181279650101705,1.0088683467067947,60.619760812117846,-126.664728518194,-10.46367032473475,0.09099335015121396,9.0,0.4509713538057354,1.0,642.9015247476506
-112.39821786223568,0.07983592902403802,1.0850534713348372,57.28011676266008,-38.39947596399763,48.60736260111679,0.14637199236992315,9.0,6.082953830895124,4.0,36.2034626355451
-207.1317918768849,2.707703339655312,1.340229063561347,50.611516963918554,-43.54647666403494,7.114701851892711,0.15140678387595566,5.0,1.28197093541553,3.0,-237.5489461848569
91.00223691492283,2.532560883679855,1.2190605952086702,57.47677568622483,-100.15798651584932,42.018181220533975,0.18482958379931652,7.0,9.704773408506329,2.0,630.5827430578245
-230.62370573848833,0.7749728321490057,1.321991481348665,51.869357306198815,-126.18608097267038,41.69324239670745,0.0965465741040741,7.0,8.779445013065397,5.0,-210.367476414015
-189.35795030394075,4.207091698824677,0.5685177698987756,52.44643621253364,-289.1925528956836,-39.11094558378856,0.3329808727264303,4.0,2.1821218724510874,1.0,52.97283451103819
-71.11273027818314,5.910975059977728,0.48715285289198657,49.29346778225621,-123.04855147649897,-32.017941436069535,0.17382125402223303,7.0,1.5209020252585423,4.0,224.86003068667105
-181.00411823064346,1.935421463117094,0.9461945126911656,51.720862669367435,-27.186156384164875,-41.18569086387508,0.3746696875941218,4.0,1.9041157467887657,4.0,-162.69149817761817
65.56398704047339,5.906760320676704,0.18617321710436874,57.703154594663786,55.7488352897644,10.56956936151763,0.6354336216206555,3.0,1.0056255580009132,2.0,410.6644990302646
-189.96043022791244,3.6469851579511436,0.24396657682915832,45.29447992299878,-185.96268913742105,-48.03058432826776,0.5411478981892054,5.0,1.6295732500123585,3.0,-60.40579844688653
-197.24955146481568,8.414999224481255,0.29763154338064196,50.58278452513385,-159.47704092482,-18.673674270376395,0.30833097481446375,11.0,1.5420568759363384,4.0,-45.183257808385754
-133.5716725675675,5.823996616691859,0.14802460952923802,53.44704938546845,-144.94076298903377,44.30587438606135,0.19843898444238334,6.0,2.4131731946170905,4.0,63.63175040646388
-144.4306977488293,2.7235109595073235,0.1081928854994498,46.595770618626425,-278.1385874091866,8.462540512671659,0.2137335810090749,7.0,4.699243688258329,3.0,137.56537695532174
-265.92221283055267,4.869012976431559,1.8147755521619235,50.750820293561794,-362.94909917855017,-2.43834039530644,0.1383067902359881,5.0,0.4474061090777567,3.0,-88.38376100849398
-191.83870780747193,8.290793561625737,0.9126641991565358,43.19514649481986,-246.84194314908962,39.22076120920816,0.214385083742818,2.0,7.090529806013659,3.0,-41.88514985709754
-56.28010344204669,1.0628432029736823,0.09102668154205186,44.5940988062789,-125.85165188658281,-8.133866391675667,0.36059838432792457,4.0,6.140493127792728,4.0,212.88071946864633
-102.732077533603,7.087448233590942,2.2703373956381077,51.08930463071404,21.246131842154938,2.600528357423606,0.2512708650134707,2.0,5.795736348440481,1.0,-13.953116796089402
-222.35066048702703,6.9595839979834695,0.2889524323757761,58.48430086576958,-25.570655849326968,2.1774656483853434,0.11688717780398893,1.0,4.583831897653691,5.0,-250.89565896433822
-234.02993883366858,3.2319647714193342,0.33163637473901547,47.161942103887675,-189.37284338750578,-23.70710691030379,0.3022089887774906,4.0,2.0198892777275277,4.0,-178.72929895479245
-116.15034981193381,1.8128259109646006,1.4194172447205091,47.93250835398562,-87.18210024220629,-30.571881827934522,0.3598185470404503,7.0,2.53714849549414,4.0,56.605558794175124
-183.44127980557266,1.1260649600309636,0.37249931514873935,49.008019516297324,-295.76753708624244,-29.882846238709437,0.1112419836134979,4.0,4.649903830775332,3.0,56.827248754754144
-18.051293143556705,1.1876908156452393,0.44016448787992224,45.42517303449498,2.2231805507373963,-17.896991642014527,0.5935763326964205,4.0,2.392250573538489,4.0,198.3543818283552
-71.73913472204633,3.3329105360263434,0.6363300769407015,54.16243179977887,-25.409516135335977,30.936854902216908,0.0967011418950407,2.0,3.282170205389383,5.0,103.47738611543232
-123.80694836785486,1.993042980764519,0.06548445895084991,57.0588928390995,19.086500418116657,35.35183188253062,0.7314871022918604,1.0,7.322218255468195,4.0,-68.2176277732569
-104.57312756470384,9.432191782479022,0.037689316348519124,52.952197713433605,-125.23144752514769,-35.890880373190804,0.2501742436856446,7.0,0.8604973886489669,3.0,162.35295475831296
41.82192930123526,8.660305128588078,1.218919975389349,52.9628442578774,-61.64107162635869,21.611607508819773,0.21712351542237127,7.0,0.9387232689881385,5.0,471.27496718019216
-142.0025089988678,4.955576564515821,0.8489400135697818,58.57821604885607,40.53307914712411,-23.665611003626307,0.36765531073137636,2.0,6.490917871873426,3.0,-95.15446190715129
-42.56128724571961,4.094155614281583,1.883855965109556,58.91667914671959,-20.90893376094941,25.152442608724712,0.3188245568568137,2.0,2.833148939384804,3.0,196.72652989374748
92.85172104109904,1.0789166277529505,0.12038444305020338,47.08179070951292,-143.2671875029954,-14.41273722071179,0.27779677820032467,7.0,2.2263511064821913,3.0,637.2612452676011
-170.5763005533414,1.9640793566759907,0.30358627674336636,49.72852807399542,-133.41523215551837,-16.96144419429111,0.3772346378963053,2.0,3.842655713671913,5.0,-61.0173754161709
-54.39213367008167,9.663588699836014,0.21019069602780183,45.33878483410428,-51.997371492520166,35.44469459303606,0.5110170980451185,4.0,4.337420018347375,2.0,154.0563934154903
-103.63151862046962,6.32061849136354,0.12225583224033103,40.10941720376617,-68.96812956288365,-26.01400610447445,0.2573948200608805,7.0,0.38489462438123506,2.0,36.85749852908219
-57.48586425688113,0.012961251190845013,1.1000284651088044,48.74468163245387,-106.79164998788406,-42.55089596310471,0.41582968464580145,5.0,9.777062680713378,4.0,234.3199290496787
51.62465113737903,8.866885894027417,0.0417890645121307,48.39041335707914,-35.726009952071365,-43.099349757936956,0.3473072197853498,3.0,6.836054870998165,5.0,471.99621034228545
-163.1750836670795,9.410767904909553,0.3818559774000398,45.605848994106026,-117.64530222318527,12.70414186633635,0.28020601528342187,6.0,1.3992469091317123,3.0,-53.774835444354764
-19.19294939496217,3.7584412509483545,1.6668832973025343,57.74586944395942,92.36022777698315,2.4861107709941024,0.03716308240953383,4.0,4.570378044974734,1.0,160.87140451797225
-213.05705170691024,5.909593936105631,1.1931094878477497,54.76009895651114,-193.9439896352363,26.126259836646412,0.08200045730751486,6.0,2.391241628479641,5.0,-80.33794258831612
-139.06063862841606,9.118135922276062,0.4661417236777959,50.622209831439086,-83.78603503172745,-36.34508360664077,0.2718045002601404,3.0,2.3295132137326724,2.0,4.652303759066954
-247.15207041504704,3.8427010846676346,0.18952425198320158,53.53555063437171,-108.22824866413377,-21.804225023706223,0.4349126073767315,4.0,3.789005762752873,3.0,-257.101938044573
-174.3584940546658,8.427118275750658,0.9117651352372317,48.87022104100253,-92.6654223024542,-1.6446270099973006,0.09224067865910192,5.0,3.279589742333176,4.0,-84.69237206911505
-142.00947997556312,9.143390951864198,0.3641978781484069,57.49248804335651,-49.97447494640408,-16.95838791789327,0.5030834290736418,5.0,8.156109772618409,4.0,16.1751675806038
-234.17659633219273,1.5965937822376919,0.85987647382958,41.702047804849045,-113.74584062146201,22.764437537431974,0.136936444807086,4.0,0.2485748271578618,3.0,-300.15705942128744
-153.21969953433785,6.216329435162475,1.8062826937671677,57.20899695094858,-16.052941616970855,29.21355361141771,0.30738617397857193,4.0,8.429751415440135,5.0,-72.32220546413188
4.107088648284261,7.780536469413145,0.05268043029881635,54.87569832986019,-141.88432161803132,-37.74277701122731,0.19607789920338334,4.0,8.427740450827214,1.0,457.49959643421687
23.75464584073454,4.997154562607689,0.21448480493571814,58.63261389869739,-107.42817286861172,4.1621125042268545,0.44277319564957995,3.0,2.604465867247377,2.0,458.21838888813517
-223.41627197762554,8.898449797019849,1.0479320958322225,43.16052328715267,-225.74994025091732,15.667162255068732,0.05307579642456969,8.0,5.655880692022552,4.0,-103.55393512721984
-189.1060504923033,1.7755512438225407,2.0931229098170907,50.28595062206255,-155.63470949360834,-16.823011667185327,0.25678922928954734,4.0,5.2734876421824355,4.0,-75.34355009176765
-231.4198503972623,4.63351694419903,0.40560981916259276,54.6203520382479,-87.57902318737602,44.23996245135805,0.25978131319386927,6.0,3.310957295210241,0.0,-258.9393818076456
-154.38744760454108,9.535132876427985,0.6374270027167043,50.00849822389519,66.03372880349676,-31.5938825443684,0.45557676957985166,6.0,10.251117581989176,3.0,-144.31561248141267
-129.02838391111874,4.970461226178287,0.3655600183054904,59.979815138454086,-28.937195408094723,24.63844315718643,0.6769017561469012,7.0,1.545546042903559,1.0,-4.8301978072772735
-173.42796453667313,8.546964716912047,0.35673938340667694,49.916143525437555,-30.520864814872965,34.117282822627246,0.16220452338378819,4.0,0.9169946302648462,2.0,-168.72745289304214
-78.38364322689671,7.530093901946863,1.0466378916534878,56.05719587269586,-41.74796176046212,1.839006434606027,0.3366201510445433,3.0,3.234149979011619,1.0,127.17625692375393
-25.713228661988836,4.675810695217907,0.27241354620833397,46.07075485741138,-128.9908722366164,12.358431241874513,0.38177095758540636,8.0,2.6761877899400965,2.0,312.4431341796992
-39.06162646928492,7.790880545330362,0.2616970215381025,50.81022120348637,-42.77906051038111,-44.76951108079806,0.3053275005736538,6.0,3.4479133212391764,3.0,247.62332676844062
-235.7452830201428,9.899719799780316,1.5155277877510924,47.23353248292059,-119.42876401544186,-14.564113839589574,0.38219273763052347,7.0,7.823373321350444,5.0,-193.24128791543964
-248.8678343174994,9.120663341345143,1.0887423010993074,49.283615740407164,-111.46100607037265,37.66680003446868,0.5041840749737938,5.0,9.323980513167404,2.0,-270.11934943311377
-108.59337965744979,9.849087541967084,0.6354707413338878,46.58858087260539,66.21648058279516,-39.01436142485785,0.18974072681946302,5.0,4.0055929368616425,1.0,-59.027295466709525
-21.153946471940642,4.4936191869723885,0.016085362628097358,48.12558309793711,-208.583794137484,-20.92106615580195,0.289177326623523,5.0,12.231231283320856,3.0,426.43133086996517
-30.17575964175417,2.8021765613229577,0.33940383168358196,49.94066889182043,-246.67920065506848,-46.317133652611275,0.08902403769808935,6.0,2.1563974904677243,0.0,421.8138519179594
-66.87354356896984,6.304319269323403,0.7379619067794739,55.03536700853037,-187.50310207441126,11.500960518549618,0.3571789811926551,7.0,6.314305332911749,3.0,310.82201182814424
4.258897484341389,2.965441943779582,0.1858127683740681,53.043053935322234,-60.03091903635981,-44.345577186521545,0.22468311697287882,4.0,0.48605664680110666,1.0,346.8228209253761
-149.60932067565193,8.161123178202876,1.865031019507604,56.514028592248394,-103.24823057216729,45.02154974926013,0.37341406002365307,3.0,4.597424228629011,2.0,-8.649299011864017
114.95372017275551,9.127077607226802,0.16469418588760765,46.131244267452594,55.05433073878788,-32.132319138168455,0.40898261509452055,7.0,1.0841878370005786,3.0,541.8706506677245
-144.33868803333567,4.32101141305619,0.6039780033915267,48.499980009250464,-99.37124531205012,-27.173191187925894,0.1972019070603507,4.0,3.128117179264777,4.0,-12.790463043298093
-134.51928598833442,8.420536135488222,1.5152204876945294,47.8806054510544,47.43021515594259,-39.192384440491665,0.3188204856535132,2.0,1.470566148340892,3.0,-116.14303013114191
6.714184364937552,1.7749051837698482,1.995528074562291,48.81999340194623,-161.97011315079936,42.6367029893123,0.3015683628807531,4.0,2.116646350938961,2.0,402.02870864901405
-74.34463085321113,8.29513646853513,1.3089709000467926,45.91745998706685,18.160481597364324,25.980694215732143,0.2698299350849741,5.0,14.517437580742948,2.0,65.75223006553958
-269.4183235756263,1.7922555893567205,2.9723733314200653,43.839287664333874,-136.0441057717773,47.421571441237475,0.20872977117242986,1.0,1.2840687746925274,2.0,-382.32600527475284
14.53202961984374,2.7672237705346903,2.765606607205957,49.79761157841646,-94.50320943762057,-30.441531084080196,0.15282906791088927,1.0,2.9467059332175354,1.0,383.1132401001015
-198.80441818401158,7.820587447244096,2.0372621780437465,47.382138058844056,-260.5301951034297,-5.998084535435389,0.43648493939441063,3.0,8.199752940591656,3.0,-0.8483013324781559
-120.27881214516604,1.0849021505314738,1.3760529804724224,57.24166019936366,63.54233861444675,-48.70679085155951,0.3234402258767182,3.0,0.7556945987536284,3.0,-71.94669814624274
-248.1841612237083,3.361129483114278,2.2886531038065825,51.18927224534575,26.432169743591814,-14.368554483767205,0.1966300590763033,1.0,4.110766785923302,4.0,-403.685988635028
-177.012324927998,3.4822588219538964,0.6261441217033165,52.890381677567625,-100.87329380264966,17.013820294206965,0.17276017712496988,4.0,0.3734937011860646,5.0,-97.4605840294052
-214.65961960568217,2.796073010959683,1.6836162767234928,53.28562262659554,-56.78820910680836,2.50314043172353,0.1492887295441881,5.0,2.453769562803371,2.0,-233.34382076415417
-75.96241501782332,3.2957467883984135,0.7285320584007077,40.397384443777206,34.98703043890799,35.211813281175225,0.48703615780180126,5.0,1.0859257472608346,3.0,-20.057369012420303
-153.93229125832056,5.746369595521949,1.214167932619183,52.70182457695252,-141.7081450993903,-32.64993262710786,0.38877205366725304,8.0,10.05333730688466,3.0,56.804907806078475
68.20454227784833,9.712180967644645,1.6796297023672597,49.868576533719185,-66.37567469559298,15.290662281092992,0.20121818169365796,4.0,0.8421552786011482,2.0,514.5795933682062
-61.050837971313726,4.2803374262997,0.3352954387367432,49.79356208029491,-42.72448999172498,47.396696381322016,0.09860070473346953,5.0,6.725175070083173,2.0,132.91676410942745
-259.31295332602303,4.682064273943475,0.5212226134003577,44.78603587017969,-81.71177103642584,-1.652292288000325,0.460661419002244,3.0,5.8916944191756695,3.0,-358.9780222901007
-17.953043806685912,3.3107466430224486,0.21404582787345736,50.35342261810485,-109.70408651274441,-47.967880894782475,0.1745446371632814,5.0,1.3580917845443337,2.0,337.480615023927
-73.46389031841056,4.437909388236023,0.1084356676113049,43.07075369415363,-20.354611236990976,12.798164725723879,0.2368638559481699,7.0,2.383437784814301,1.0,61.3943193879529
-246.52363391509436,2.476695430856146,0.40705889336370293,47.57581843214113,-82.58043355934387,1.035399183228236,0.24167260055891757,4.0,3.9467823062393603,4.0,-315.32819787546504
-72.11296941826811,7.652142892867808,0.9008438286206846,47.45949321486854,-97.21853574016308,9.402787555679424,0.5425644836812406,5.0,3.327402304096956,2.0,168.0108727772338
-25.06850961900733,4.45073836580719,1.13790524660655,56.38315173316024,75.05048276914587,-39.18835909577062,0.38962337495788724,2.0,2.183691062280143,1.0,159.3686821840899
21.66186003892767,2.6300799087516005,0.9695459201703797,41.40749839346417,52.2624510509938,-18.345032116247197,0.1293128130695634,3.0,3.012544359390412,2.0,233.33732715726487
-163.48467762817427,8.781096660585568,0.14557902872659828,55.79961654574087,-61.25792464671022,-28.862319475681286,0.23842005046641151,4.0,7.640835515170405,4.0,-41.77364393844134
-298.9809587210257,9.194634192768717,1.2653638098060542,46.24092946220713,-196.6642866942015,43.05456649101227,0.3000258398312815,5.0,4.462021114869261,3.0,-342.2718038231851
-160.2372264558103,6.2225504500369215,0.35357215806382836,42.97627774742002,37.307576332306155,44.15989695322244,0.1674470684994898,8.0,3.1140460309797575,4.0,-208.21659540110215
-98.7676464079463,6.2784321422014475,0.022829771382552072,44.45192575142548,-37.37577222952867,-2.744181311862647,0.165649849284675,5.0,5.177183678665787,2.0,30.46437474059616
-128.88630869594914,5.692666658411665,2.1260100548057266,57.62880306852834,-207.6774354754849,-19.485809619767814,0.5461294695246309,6.0,5.316922580869564,1.0,176.41033631753623
86.5545092403031,0.5346971552066704,2.527945537191177,49.373103096285305,106.80946315279246,22.71077802797656,0.06445260277392166,5.0,1.4127996888007532,6.0,390.9323258406928
-115.47498847738109,7.731423422146727,0.6831233408185678,46.17737172291989,-31.974840060398435,-19.565676789362186,0.7236474698563663,5.0,2.6864998838482683,2.0,0.296135289606821
-100.0933118592791,7.149992809402717,0.7638045731708526,50.19733751394543,-128.7186797313457,6.639619569224763,0.07194744064467616,4.0,4.983288385152215,5.0,145.53340035328876
9.46031671258379,9.02232802990409,0.9799273181828745,39.66127418945879,-143.1081529981779,-43.371632381044904,0.19770959388574044,2.0,1.9475886221565952,3.0,402.3956384645602
-74.50604128674175,8.872601303248631,1.457327272759927,45.94107785948309,-9.300569791482687,-0.7158516692334445,0.24098373670296133,10.0,9.391863067477804,2.0,117.64751216772684
-239.59011028428873,7.959037894975163,1.6269923869546603,45.703887710783064,-225.0256296351456,-11.4004802167468,0.14659187789227202,6.0,2.2676804731307416,3.0,-146.44839994623646
-24.52527495713437,6.7894140666523315,0.40826617711794694,57.8802466982055,-87.02451572253722,14.3151832961871,0.25195390798851197,6.0,1.2496034835036889,2.0,322.4413609231216
32.39056935841123,8.206179235135753,1.100762952147284,47.14130818359348,74.39509028986734,13.206840317786593,0.5445907455488272,4.0,2.3973535913339945,1.0,275.3777644977675
-45.14618907196285,2.252850211265751,1.8418061489723336,45.495374409164896,132.19161665471333,46.96455657956574,0.18977730946713092,6.0,5.155998140327127,3.0,-1.3636671115546524
-69.78602675672374,0.021392991514471715,0.5920862111053047,46.8995143827227,-144.90766458216683,36.380949391323256,0.3602527040964214,7.0,1.7883133772236557,2.0,181.86868958883105
-169.55085928197911,0.5928023334449795,0.36650643072450123,48.53489912232836,-21.753658180256835,44.868759735291476,0.16698738359790738,7.0,2.022898086313138,3.0,-183.6110881124066
35.09565222385652,3.287416058403103,0.6018306163934933,58.76961274788847,-32.541732704455455,19.548639704542524,0.44273425123431526,5.0,2.098461942806862,6.0,431.8837856084582
-42.03635576690746,5.280970571737934,0.7948480440795856,54.742077256646304,-101.14187482720614,-4.839276957067263,0.04299785075212297,3.0,2.8443923227930674,5.0,278.40221359997156
-72.88989294548014,8.215807762826055,0.190002588949418,51.06263575298696,107.5190781869006,40.916759755358456,0.10969758748363258,5.0,4.191854966164458,4.0,-10.626185989952269
-121.76801977714214,3.632498956263178,0.5785578999768406,50.64232564904581,-295.3685963619123,-3.1685588548838197,0.3523423344544225,4.0,3.0663272485552895,4.0,225.591004473836
-13.483013315478644,7.153248126562406,0.9975067309667014,42.4995982962585,-204.6767299521929,36.11536952723381,0.2388636065265584,12.0,1.4568346814028261,2.0,414.24371948017375
-115.16017172909864,7.845579963448009,1.230605802982862,47.757914288939915,-279.7123647960753,17.693152785911153,0.39844298949077095,8.0,0.640697136813027,1.0,228.4739153585148
-259.49141118834785,7.328207677084349,1.2562680541042661,49.46912383065254,-185.33591424322105,-28.663298283751715,0.33214293078324914,5.0,3.269128019894555,4.0,-211.30761445252267
-95.11518182692299,2.1296227852451333,0.06460666113604188,51.72387867361777,-120.85908674082997,-5.813585453296831,0.3612051593313203,8.0,2.114393553387882,1.0,139.5374219194511
-153.7069407929384,6.015109529899742,1.4922287987850515,49.1828175130844,-37.007107043620415,39.41623687544521,0.4138681368242662,6.0,2.8611066472847453,1.0,-111.26928766123032
-277.78723646907986,2.278211527416948,0.9219413756912695,41.72589106897613,-60.42398481217296,-14.199105887483846,0.1485276457220521,5.0,2.431213081838745,4.0,-431.46409080398917
-191.59516846631476,0.23641513797649338,0.11131257279403216,56.573561292443344,-246.38562249607781,42.546991722850564,0.13768873232996567,7.0,7.126676543720711,2.0,3.625439045655275
-119.61459657720255,6.548979033414287,0.3432415348723786,50.66548875499608,-204.03531265821658,25.077269771025627,0.06836645607256737,5.0,3.593611565918576,4.0,148.9565583733605
-93.73084984224428,9.878537457932119,1.2892634512629046,55.83241440881146,-200.3608369426147,-48.28936291648196,0.2462719895191781,3.0,1.807609746616427,5.0,270.72085096227545
